1
1
1
2
2
2
2
2
2
3
3
2
1
2
3
2
1
2
3
2
1
2
3
3
3
2
2
2
1
1
2
2
1
1
3
2
3
2
3
2
3
3
3
3
3
2
2
2
1
1
2
2
3
3
2
2
2
3
3
1
1
1
1
2
1
3
2
1
3
3
3
2
2
1
1
2
1
1
3
1
3
1
2
1
2
1
1
1
1
3
3
3
3
2
1
2
1
3
3
2
1
1
2
3
2
1
3
2
1
2
1
2
1
2
3
1
3
2
3
2
3
2
3
1
1
2
1
2
1
1
2
3
3
2
1
2
3
2
/54/41/43
//51/56/49/53/49/46/34/38
1
2
3
2
1
2
3
2
1
1
2
1
1
3
3
2
3
3
1
1
1
2
3
3
3
2
3
3
/11/8/9
//6/7/9/10/9/8/11/12
3
3
2
3
2
2
1
1
1
3
2
2
1
1
3
3
2
3
2
3
1
/7/8/6
//3/6/8/9/9/8/6/7
1
1
1
1
1
1
2
3
3
3
3
3
3
1
1
2
3
2
2
2
3
1
3
1
2
2
2
3
1
1
1
3
1
3
2
3
2
1
2
1
2
3
1
2
3
2
1
1
1
2
1
1
1
1
3
3
2
1
1
/20/16/23
//21/23/23/25/23/24/21/19
